12.2504358961 85.9319584162
14.3658155129 109.96021326
9.98219776351 101.573865202
5.53584691783 81.0546263125
9.35421341309 61.7633375587
5.48308541562 93.3558247324
8.21532122916 57.0494571363
4.93625855812 112.990756882
5.15780082757 75.1337485915
14.605127143 95.4110090685
6.12118114343 53.5420073274
8.30356701462 116.267092886
14.0589499085 49.7602306672
12.5766598161 94.3374475448
4.55797816071 100.334546588
9.49819930414 63.9633004715
7.33024172071 73.1379454629
10.0089688438 43.8131469931
6.87311970483 88.0473147898
7.10094122079 98.0167823198
14.5376372873 114.149281204
12.2837391957 37.4074061181
6.45713193141 112.897011427
14.5754403887 85.6431892008
12.7009054919 102.680289546
8.23506326266 78.5544569524
6.16433042726 94.7631354383
13.0731652714 96.3397531425
7.03652335004 82.7724575076
12.9470722591 84.6492417322
14.0754103082 37.0002083849
13.7435809634 69.7220059867
11.5563583598 36.9085292883
5.43301457768 104.958529451
11.2083794272 118.51997525
7.63796553233 85.9173738541
13.4020752315 47.5641648742
8.03140814685 45.8915467666
10.5366870783 118.038936244
10.9017012963 101.874621551
14.464235404 41.3268250869
8.92854889476 109.239626899
9.47989678373 49.483876542
14.7213097655 60.1713955092
6.50952536957 57.1142414334
