4.53139474875 96.9461604258
11.4728011593 111.602573179
4.79004843867 81.0170608003
5.49667673967 60.300355654
14.0866009873 65.3904295166
5.29491509039 107.408231723
13.0201184654 45.1101938961
10.9250323999 65.4135957422
3.02519463401 114.739642787
7.19645311801 89.3588858881
4.57329329899 41.7384469282
4.3350605723 97.0547323663
9.61292231474 53.4706729061
10.9556104957 117.656933656
7.32516326839 101.148180374
12.1089409087 82.405377889
3.03962815383 83.5701505618
6.01459354261 43.5047563172
14.6473932749 91.8385513729
6.12335985571 118.112342888
3.03616389377 112.058132682
4.63719210375 81.0934844524
13.2156858054 101.895522592
3.01843433028 89.9370352933
4.20022712358 77.658781912
13.389223903 82.4777372427
9.59744551801 92.992489488
3.95309096751 68.6591308689
5.52216867036 33.6095711308
12.8067959879 77.3686430153
9.93440484967 96.8230551268
5.76208085832 35.0198502391
9.533887184 90.9659739664
9.41457470435 82.6945532296
8.02150526071 112.805871324
4.68075884596 49.9242348002
13.2851286665 95.9787641564
14.4198654972 98.7090373232
12.6580883401 56.3866317469
12.8569225376 77.5711974541
12.9059963688 74.9403564071
7.89645725159 74.0009408481
6.26650182783 46.436288463
3.9988939633 100.673391139
9.30703503279 58.7812572473
