6.21431285153 103.72013724
9.77390710975 118.758251672
8.0606442865 50.4994808963
8.49418497746 53.7511567649
8.25350465625 107.551291311
11.3855846617 70.9349353049
5.23147389685 77.0166678216
5.77727309259 54.6993123953
5.20024511759 84.3084151906
14.9380321485 96.7371301266
6.02218569207 53.4762040197
10.3843051503 64.1759833371
14.2517186381 76.507763909
6.11953067343 89.4071464507
5.00222275576 104.610260206
8.86631822034 35.5749227061
8.37247011661 103.279113772
10.7206901038 119.839179453
6.44901426156 70.3829801193
3.64947361152 88.9508673673
12.2987276579 54.9716516058
10.9265383944 53.3198606821
8.14056497326 82.5423775823
7.06019261548 91.7850012738
8.80041477037 111.249949032
13.1818204449 72.7388609218
8.02673481676 82.8557876138
6.54505400872 103.430460879
8.24310903163 78.5983606633
14.0070641717 34.5484887251
10.2549228604 71.4638112727
13.2733665378 38.4933217066
12.6205185842 117.827409108
6.88017572591 44.6152257521
8.63196018068 85.8245954211
9.09620836848 90.6875445495
8.26529967726 58.3975245838
5.91551644492 57.9921302418
6.88437023393 69.5238636602
13.9635772947 82.403211209
4.65297465139 68.9257604489
8.63204473191 90.8757339072
10.7816123301 70.1502492388
4.73355538065 109.240755959
6.52077562981 34.0098988258
