4.99045702183 38.4796321904
5.60820716348 73.4947512585
5.22395892487 43.0811550026
3.24936577963 40.9967477034
5.91952656954 105.284748734
11.2081884417 81.899981787
10.1004122544 46.9693865106
4.39577901052 58.8176181441
11.9294234722 45.8191110973
8.27848616209 54.1965317778
5.86348615208 91.6256400348
3.76167738296 43.2051396493
10.3097204087 107.307037104
4.03012483048 95.6915065507
14.7674396188 45.2232510508
4.54411642898 86.4829773332
9.44886693934 104.381545737
7.09312643702 84.16753253
6.51006838253 45.1629145748
13.7070510568 54.9049187514
5.03913587454 54.9749774585
12.8229047791 60.3084110522
8.68445409096 65.2123159265
4.47733124962 88.2022859723
12.0620086864 75.8639989869
11.6740096186 117.99137346
9.12477495581 119.767392153
9.8049161473 108.700438114
10.6838744709 69.8321485307
9.99980297654 68.1017594217
7.13890731361 90.1514203775
11.9136432958 78.1425254188
13.560011506 76.4305188511
13.3760562185 36.7346939001
12.4570690179 76.7338889511
8.12035516937 38.680062995
10.5375858569 94.583980491
6.56426101089 93.0756542659
12.9887639658 80.2995583764
7.18378054463 101.055436677
7.11619510142 81.8126249691
6.48243657613 92.8877955088
7.6239491185 82.6798363707
6.71787920863 98.6315385085
10.4376952644 51.2592958928
