4.22810737612 72.2765373588
13.2755417734 68.56744357
6.33298529873 118.122600365
5.2332831583 119.087847985
9.98568482078 79.6559448718
4.45958271212 97.6700342187
12.1403304083 46.1947303032
13.0073663867 91.6509234138
11.8621383473 70.3177367489
11.5907903705 96.8967326413
6.74325562555 35.5835590764
8.21168079858 45.1629129175
6.78314940205 97.2453560085
5.93119891383 43.1866196847
4.72736516533 113.275818289
3.01427055356 78.1433781686
10.4609901055 118.031971945
13.8581205787 79.4287014106
9.10354553905 99.69051041
13.6336366404 74.7814984798
10.4220905624 65.0901703376
11.0430737397 106.022002869
11.1675463288 48.3698008869
4.36856620699 57.1558606038
11.1644753254 35.1568953374
11.4928415581 30.1332599003
14.7618633184 77.2441831065
14.5572867569 99.9510256932
9.48038692593 73.7429333712
14.2704769233 60.6925783574
3.84277476172 94.840510222
9.68028526151 66.270491269
11.696194294 54.1404771585
4.56517022112 92.3237457529
3.6419099088 99.015975734
6.80057139958 30.3399587348
9.71408775991 30.3783900573
6.01731729903 70.4360461165
13.2651740272 71.1817573732
12.0119549651 102.056465412
8.21813781612 112.205619843
13.4797373358 45.2970074364
4.26675593295 65.1951634123
7.98993041173 67.1987135818
6.48295355774 46.135005763
