3.98437488845 90.1055053648
13.8281505858 67.7945866704
11.365538782 109.332392286
11.8447018431 31.5461556435
3.23370129871 107.553148339
4.39501156861 108.013222623
3.382435863 97.3688964391
5.77051576722 84.8301251443
8.77282990259 73.9874688855
6.18581408649 86.7734404422
11.1719306648 47.5055175724
9.15450608814 71.8820326444
6.88835678383 116.139754452
8.78640193336 30.407402987
6.38948500524 117.606183024
9.24260150609 36.3151507873
6.90477882342 60.7091341542
10.4357299876 89.7464055934
7.77839673365 43.5638388811
11.1431451801 60.4562664093
9.01828652152 67.1554010466
6.85934884853 90.5257308
4.7383785996 89.3907198558
4.79902822835 62.2847789398
12.0314596193 65.8838495072
6.66251853158 84.1511949493
11.3100429144 36.4881352533
10.1343716917 89.6099505787
14.9066107522 33.6114392186
4.01773144749 119.946415911
10.7210925456 60.6436006843
5.24409225901 81.7487948221
9.10076303973 86.1712779903
8.9024936707 70.3116342381
12.4578063162 119.4258445
12.352153903 53.057007952
7.45951846047 91.5101307621
6.31774408863 50.0247942476
5.43044811073 118.535893884
7.87451806859 45.0772639111
11.9350649453 54.4496071858
8.4646330921 64.3624901011
6.56120150589 45.0127066481
8.93053932002 31.6806028479
13.0363464151 62.9393068699
