4.54587322933 109.361218773
11.8050952509 59.6470819048
8.2029040011 38.3095975088
14.3868803234 89.8990070306
5.14907458774 50.916604895
10.3480343095 33.5334974337
14.9321717524 98.0350694576
13.6624942452 74.8657306139
3.39147209194 84.4581369366
11.7967960008 87.8097641007
9.05065182723 65.8292376364
6.487099495 105.221427603
4.76527896865 44.4873309602
9.30525483276 71.5185964051
11.3565354256 31.9917726976
13.878173326 66.3289642981
7.61691068599 53.1246030849
10.0795464321 109.849427137
7.97335405761 118.227753479
4.75713740435 33.1859521439
8.12590661444 89.2960875087
6.96281367979 79.006106102
7.08586365587 35.2530401408
5.65100436455 71.8573979123
8.06373312824 47.9504949254
10.9216206545 83.6165848096
14.5660367705 33.257389434
6.50958988873 102.228128105
7.17509589432 31.9614595532
9.07193675041 56.4545388546
11.696954981 111.737802593
4.08374252754 59.9106722331
13.1386519792 46.3053768764
7.14791039851 45.2057037842
14.9001902366 79.8559672152
11.2969200144 108.4522707
12.5798854117 106.556282346
8.44674691458 94.9168792041
9.74046986378 96.8407196671
6.35666835478 103.614773284
4.91369786945 55.7274304452
8.93731997824 82.5752589512
8.89251462212 72.9469950754
11.3473166972 36.2386623907
3.80691786091 60.5770971982
