11.5155489751 93.0666799274
13.8736890275 40.9942002539
4.92260102757 40.9358434677
4.12365767172 117.552746657
4.1231588013 86.1933788332
4.76135708017 111.041124793
3.06817587699 112.724451497
13.0307338794 49.7515589077
14.4028290432 76.4003334992
11.021809529 67.6466622525
3.85258404384 77.9670341545
5.64485451893 53.7790915902
6.96164928842 69.4843090487
14.8495394171 51.6074902848
7.09108011503 64.0743625342
12.2359864929 82.5178922389
4.06127965721 69.6370518436
10.7617643986 74.3704603775
12.1848768441 71.2351031026
10.8007032864 118.227383229
10.3025433955 77.1205296268
8.14119813964 42.6581034177
7.48682290736 61.5834327291
7.49077745053 62.4225673816
11.6522392537 44.6367087746
13.3975065276 33.0574348883
7.62119807013 106.968787524
9.99654849719 37.6949886848
12.6369904722 42.0771574928
9.1996075042 104.359408493
7.81552629985 30.9004298143
14.9551530267 95.0015873523
11.2492354759 46.8015721077
10.5194648758 44.068962882
8.02048010344 70.2485724562
10.7045485223 56.6656834274
11.8160746846 46.1787662327
11.066669627 91.5054114028
7.43661900411 46.1953366617
12.2843064896 97.833602086
5.28792624511 100.457043398
5.34832396233 59.8177992953
9.6636893519 49.5358685805
13.4100708943 56.9034805954
6.3573962308 88.9880732175
