11.5755714852 38.2752405834
13.7517622153 45.7172024469
14.9632492753 56.6670899988
14.5255001344 109.590989473
8.37934325638 73.5129679438
3.9939057694 62.501387381
5.91990777317 34.9846220338
9.21436585556 70.8897082294
3.91565675855 35.7335709168
14.0411720464 117.654121046
6.997079969 81.4804734027
13.2371012108 93.576810468
10.2333011625 114.527153558
6.33754445322 44.262916047
12.6813497576 61.8932788865
7.09987890654 79.8976727284
12.9665655214 62.02122837
5.08947333004 98.4867362299
6.32137692173 31.5314878061
7.76482135047 67.3429594116
6.68040059318 107.650423245
13.3196155972 75.6335770896
4.02381044481 81.6777112593
7.9491645131 59.145235348
9.31978951442 116.268909194
7.83579722036 98.6513560653
6.60387672274 86.0529508293
11.4851206802 96.3992284966
10.9552428937 101.424821509
3.97002136606 81.2986489362
4.6461484162 38.2340553106
11.5235810188 60.0560793616
10.8328051358 86.0464704564
3.70735329941 100.939002675
10.141265366 72.5111937487
5.72806830893 99.573106322
6.45158548568 117.759806767
12.7866877501 67.4849582251
7.40023618839 106.633608306
11.1180939802 101.118739422
5.28705591306 50.2639816866
8.06151426147 74.5061289427
12.7519791727 61.1329214587
13.3568874138 116.491608635
11.2675959013 70.0773325028
