11.6399110614 58.2773451214
13.1834772686 65.6843774649
8.60290209583 117.127681727
13.9518778818 87.891872892
14.4796936774 71.1343947207
3.84861098737 48.7901392285
7.61776206088 68.5867295204
13.3178517103 32.5786971068
9.54219358987 35.6798029672
5.93612587873 79.8310031961
11.4521012341 58.6486565464
6.71673557894 36.3355669594
12.9772981169 41.3510149748
9.12337241486 75.4868566157
7.50118490972 38.6087877696
11.0645681469 46.9053801309
13.405625139 87.9849485645
13.8030569191 99.9121686925
8.43525121115 39.1364136904
7.15777534132 51.3367056134
3.10036729363 101.379494536
14.9011421388 86.524579207
6.67838084023 76.7714654538
14.5862257118 63.3065005397
14.1220315188 114.956369107
7.79967896359 91.9045626271
12.3573050628 107.251316805
11.229661311 99.9700084066
7.44490822018 77.3284278394
8.13196703795 67.2842746098
3.93038333377 111.780725402
10.5771398245 32.3486044804
12.426559378 51.5702284249
3.50677176058 60.0954178705
13.7594848606 98.055139894
6.02471206415 45.838840406
7.95823734795 104.182734306
12.2015695958 58.0151368598
10.7169011127 110.588793337
10.7257997302 80.995290482
14.3410516622 42.4830189784
8.03102912509 91.1723593967
3.85545199002 115.842015266
13.2464486208 59.7255564818
12.6087970496 101.371498532
